 0.000000 1.000000 1.000000 
 0.100000 1.000000 0.995004 
 0.200000 0.990000 0.980067 
 0.300000 0.970100 0.955336 
 0.400000 0.940499 0.921061 
 0.500000 0.901493 0.877583 
 0.600000 0.853472 0.825336 
 0.700000 0.796916 0.764842 
 0.800000 0.732392 0.696707 
 0.900000 0.660543 0.621610 
 1.000000 0.582089 0.540302 
 1.100000 0.497814 0.453596 
 1.200000 0.408561 0.362358 
 1.300000 0.315222 0.267499 
 1.400000 0.218731 0.169967 
 1.500000 0.120052 0.070737 
 1.600000 0.020174 -0.029200 
 1.700000 -0.079907 -0.128844 
 1.800000 -0.179188 -0.227202 
 1.900000 -0.276678 -0.323290 
 2.000000 -0.371401 -0.416147 
 2.100000 -0.462410 -0.504846 
 2.200000 -0.548794 -0.588501 
 2.300000 -0.629691 -0.666276 
 2.400000 -0.704291 -0.737394 
 2.500000 -0.771848 -0.801144 
 2.600000 -0.831687 -0.856889 
 2.700000 -0.883208 -0.904072 
 2.800000 -0.925898 -0.942222 
 2.900000 -0.959328 -0.970958 
 3.000000 -0.983166 -0.989992 
 3.100000 -0.997171 -0.999135 
 3.200000 -1.001205 -0.998295 
 3.300000 -0.995227 -0.987480 
 3.400000 -0.979296 -0.966798 
 3.500000 -0.953573 -0.936457 
 3.600000 -0.918314 -0.896758 
 3.700000 -0.873872 -0.848100 
 3.800000 -0.820691 -0.790968 
 3.900000 -0.759303 -0.725932 
 4.000000 -0.690322 -0.653644 
 4.100000 -0.614438 -0.574824 
 4.200000 -0.532409 -0.490261 
 4.300000 -0.445057 -0.400799 
 4.400000 -0.353254 -0.307333 
 4.500000 -0.257918 -0.210796 
 4.600000 -0.160003 -0.112153 
 4.700000 -0.060488 -0.012389 
 4.800000 0.039632 0.087499 
 4.900000 0.139355 0.186512 
 5.000000 0.237685 0.283662 
 5.100000 0.333638 0.377978 
 5.200000 0.426255 0.468517 
 5.300000 0.514609 0.554374 
 5.400000 0.597817 0.634693 
 5.500000 0.675047 0.708670 
 5.600000 0.745526 0.775566 
 5.700000 0.808550 0.834713 
 5.800000 0.863489 0.885520 
 5.900000 0.909793 0.927478 
 6.000000 0.946999 0.960170 
 6.100000 0.974735 0.983268 
 6.200000 0.992723 0.996542 
 6.300000 1.000784 0.999859 
 6.400000 0.998838 0.993185 
 6.500000 0.986903 0.976588 
 6.600000 0.965099 0.950233 
 6.700000 0.933644 0.914383 
 6.800000 0.892852 0.869397 
 6.900000 0.843132 0.815725 
 7.000000 0.784981 0.753902 
 7.100000 0.718980 0.684547 
 7.200000 0.645789 0.608351 
 7.300000 0.566141 0.526078 
 7.400000 0.480830 0.438547 
 7.500000 0.390712 0.346635 
 7.600000 0.296686 0.251260 
 7.700000 0.199694 0.153374 
 7.800000 0.100704 0.053955 
 7.900000 0.000708 -0.046002 
 8.000000 -0.099296 -0.145500 
 8.100000 -0.198306 -0.243544 
 8.200000 -0.295334 -0.339155 
 8.300000 -0.389408 -0.431377 
 8.400000 -0.479588 -0.519289 
 8.500000 -0.564972 -0.602012 
 8.600000 -0.644707 -0.678720 
 8.700000 -0.717994 -0.748647 
 8.800000 -0.784101 -0.811093 
 8.900000 -0.842368 -0.865435 
 9.000000 -0.892211 -0.911130 
 9.100000 -0.933131 -0.947722 
 9.200000 -0.964721 -0.974844 
 9.300000 -0.986663 -0.992225 
 9.400000 -0.998738 -0.999693 
 9.500000 -1.000827 -0.997172 
 9.600000 -0.992906 -0.984688 
 9.700000 -0.975057 -0.962365 
 9.800000 -0.947458 -0.930426 
 9.900000 -0.910383 -0.889191 
 10.000000 -0.864205 -0.839072 
 10.100000 -0.809385 -0.780568 
 10.200000 -0.746471 -0.714266 
 10.300000 -0.676092 -0.640826 
 10.400000 -0.598952 -0.560984 
 10.500000 -0.515823 -0.475537 
 10.600000 -0.427536 -0.385338 
 10.700000 -0.334973 -0.291289 
 10.800000 -0.239060 -0.194330 
 10.900000 -0.140757 -0.095429 
 11.000000 -0.041046 0.004426 
 11.100000 0.059075 0.104236 
 11.200000 0.158605 0.203005 
 11.300000 0.256549 0.299745 
 11.400000 0.351928 0.393491 
 11.500000 0.443788 0.483305 
 11.600000 0.531210 0.568290 
 11.700000 0.613319 0.647596 
 11.800000 0.689296 0.720432 
 11.900000 0.758379 0.786070 
 12.000000 0.819879 0.843854 
 12.100000 0.873180 0.893206 
 12.200000 0.917749 0.933634 
 12.300000 0.953140 0.964733 
 12.400000 0.979001 0.986192 
 12.500000 0.995071 0.997798 
 12.600000 1.001190 0.999435 
 12.700000 0.997298 0.991085 
 12.800000 0.983432 0.972833 
 12.900000 0.959733 0.944860 
 13.000000 0.926436 0.907447 
 13.100000 0.883874 0.860967 
 13.200000 0.832474 0.805884 
 13.300000 0.772749 0.742749 
 13.400000 0.705297 0.672193 
 13.500000 0.630792 0.594921 
 13.600000 0.549978 0.511704 
 13.700000 0.463665 0.423375 
 13.800000 0.372715 0.330815 
 13.900000 0.278039 0.234950 
 14.000000 0.180581 0.136737 
 14.100000 0.081318 0.037158 
 14.200000 -0.018758 -0.062792 
 14.300000 -0.118647 -0.162114 
 14.400000 -0.217349 -0.259817 
 14.500000 -0.313877 -0.354924 
 14.600000 -0.407267 -0.446485 
 14.700000 -0.496585 -0.533584 
 14.800000 -0.580936 -0.615352 
 14.900000 -0.659478 -0.690972 
 15.000000 -0.731425 -0.759688 
 15.100000 -0.796058 -0.820813 
 15.200000 -0.852731 -0.873737 
 15.300000 -0.900876 -0.917931 
 15.400000 -0.940012 -0.952953 
 15.500000 -0.969749 -0.978453 
 15.600000 -0.989787 -0.994178 
 15.700000 -0.999928 -0.999968 
 15.800000 -1.000070 -0.995768 
 15.900000 -0.990211 -0.981618 
 16.000000 -0.970449 -0.957659 
 16.100000 -0.940984 -0.924133 
 16.200000 -0.902108 -0.881372 
 16.300000 -0.854212 -0.829806 
 16.400000 -0.797773 -0.769948 
 16.500000 -0.733356 -0.702397 
 16.600000 -0.661606 -0.627828 
 16.700000 -0.583240 -0.546986 
 16.800000 -0.499042 -0.460679 
 16.900000 -0.409853 -0.369768 
 17.000000 -0.316565 -0.275163 
 17.100000 -0.220112 -0.177809 
 17.200000 -0.121458 -0.078678 
 17.300000 -0.021589 0.021239 
 17.400000 0.078495 0.120944 
 17.500000 0.177795 0.219440 
 17.600000 0.275317 0.315744 
 17.700000 0.370086 0.408893 
 17.800000 0.461153 0.497956 
 17.900000 0.547610 0.582044 
 18.000000 0.628590 0.660317 
 18.100000 0.703284 0.731991 
 18.200000 0.770945 0.796352 
 18.300000 0.830897 0.852757 
 18.400000 0.882540 0.900640 
 18.500000 0.925358 0.939525 
 18.600000 0.958922 0.969022 
 18.700000 0.982897 0.988837 
